  1.7943610658000000e+010	 -6.5030000000000001e+001	
  1.7943825426796665e+010	 -8.8200000000000003e+001	
  1.7944040195593334e+010	 -6.3530000000000001e+001	
  1.7944254964389999e+010	 -8.7700000000000003e+001	
  1.7944469733186668e+010	 -6.4700000000000003e+001	
  1.7944684501983334e+010	 -8.8700000000000003e+001	
  1.7944899270779999e+010	 -6.5359999999999999e+001	
  1.7945114039576668e+010	 -8.9359999999999999e+001	
  1.7945328808373333e+010	 -6.5859999999999999e+001	
  1.7945543577169998e+010	 -8.5359999999999999e+001	
  1.7945758345966667e+010	 -6.5200000000000003e+001	
  1.7945973114763332e+010	 -9.3200000000000003e+001	
  1.7946187883560001e+010	 -6.3359999999999999e+001	
  1.7946402652356667e+010	 -8.7359999999999999e+001	
  1.7946617421153332e+010	 -6.5200000000000003e+001	
  1.7946832189950001e+010	 -8.9200000000000003e+001	
  1.7947046958746666e+010	 -6.4859999999999999e+001	
  1.7947261727543335e+010	 -8.6859999999999999e+001	
  1.7947476496340000e+010	 -6.4200000000000003e+001	
  1.7947691265136665e+010	 -8.7030000000000001e+001	
  1.7947906033933334e+010	 -6.5359999999999999e+001	
  1.7948120802730000e+010	 -8.6700000000000003e+001	
  1.7948335571526669e+010	 -6.6530000000000001e+001	
  1.7948550340323334e+010	 -8.6700000000000003e+001	
  1.7948765109119999e+010	 -6.5700000000000003e+001	
  1.7948979877916668e+010	 -9.1859999999999999e+001	
  1.7949194646713333e+010	 -6.5859999999999999e+001	
  1.7949409415509998e+010	 -8.9859999999999999e+001	
  1.7949624184306667e+010	 -6.5200000000000003e+001	
  1.7949838953103333e+010	 -8.5859999999999999e+001	
  1.7950053721900002e+010	 -6.5859999999999999e+001	
  1.7950268490696667e+010	 -8.7030000000000001e+001	
  1.7950483259493332e+010	 -6.5700000000000003e+001	
  1.7950698028290001e+010	 -8.7530000000000001e+001	
  1.7950912797086666e+010	 -6.5030000000000001e+001	
  1.7951127565883335e+010	 -8.5359999999999999e+001	
  1.7951342334680000e+010	 -6.6030000000000001e+001	
  1.7951557103476665e+010	 -8.7030000000000001e+001	
  1.7951771872273335e+010	 -6.5530000000000001e+001	
  1.7951986641070000e+010	 -9.2030000000000001e+001	
  1.7952201409866665e+010	 -6.4700000000000003e+001	
  1.7952416178663334e+010	 -9.0030000000000001e+001	
  1.7952630947459999e+010	 -6.5359999999999999e+001	
  1.7952845716256668e+010	 -9.1359999999999999e+001	
  1.7953060485053333e+010	 -6.3859999999999999e+001	
  1.7953275253849998e+010	 -8.6859999999999999e+001	
  1.7953490022646667e+010	 -6.5700000000000003e+001	
  1.7953704791443333e+010	 -8.8200000000000003e+001	
  1.7953919560240002e+010	 -6.6530000000000001e+001	
  1.7954134329036667e+010	 -8.6859999999999999e+001	
  1.7954349097833332e+010	 -6.5700000000000003e+001	
  1.7954563866630001e+010	 -9.0700000000000003e+001	
  1.7954778635426666e+010	 -6.5859999999999999e+001	
  1.7954993404223331e+010	 -9.4530000000000001e+001	
  1.7955208173020000e+010	 -6.4859999999999999e+001	
  1.7955422941816666e+010	 -8.6200000000000003e+001	
  1.7955637710613335e+010	 -6.6030000000000001e+001	
  1.7955852479410000e+010	 -8.7359999999999999e+001	
  1.7956067248206665e+010	 -6.5200000000000003e+001	
  1.7956282017003334e+010	 -8.6200000000000003e+001	
  1.7956496785799999e+010	 -6.5530000000000001e+001	
  1.7956711554596668e+010	 -8.7359999999999999e+001	
  1.7956926323393333e+010	 -6.2359999999999999e+001	
  1.7957141092189999e+010	 -9.0700000000000003e+001	
  1.7957355860986668e+010	 -6.5030000000000001e+001	
  1.7957570629783333e+010	 -8.6700000000000003e+001	
  1.7957785398580002e+010	 -6.5200000000000003e+001	
  1.7958000167376667e+010	 -9.0030000000000001e+001	
  1.7958214936173332e+010	 -6.5359999999999999e+001	
  1.7958429704970001e+010	 -9.1030000000000001e+001	
  1.7958644473766666e+010	 -6.5030000000000001e+001	
  1.7958859242563332e+010	 -8.9200000000000003e+001	
  1.7959074011360001e+010	 -6.3859999999999999e+001	
  1.7959288780156666e+010	 -8.7859999999999999e+001	
  1.7959503548953335e+010	 -6.6200000000000003e+001	
  1.7959718317750000e+010	 -8.5700000000000003e+001	
  1.7959933086546665e+010	 -6.5859999999999999e+001	
  1.7960147855343334e+010	 -9.0359999999999999e+001	
  1.7960362624139999e+010	 -6.5030000000000001e+001	
  1.7960577392936668e+010	 -8.9359999999999999e+001	
  1.7960792161733334e+010	 -6.4859999999999999e+001	
  1.7961006930529999e+010	 -9.1530000000000001e+001	
  1.7961221699326668e+010	 -6.5859999999999999e+001	
  1.7961436468123333e+010	 -8.8359999999999999e+001	
  1.7961651236919998e+010	 -6.4700000000000003e+001	
  1.7961866005716667e+010	 -9.0530000000000001e+001	
  1.7962080774513332e+010	 -6.6200000000000003e+001	
  1.7962295543310001e+010	 -9.0700000000000003e+001	
  1.7962510312106667e+010	 -6.5700000000000003e+001	
  1.7962725080903332e+010	 -8.5700000000000003e+001	
  1.7962939849700001e+010	 -6.5200000000000003e+001	
  1.7963154618496666e+010	 -8.3700000000000003e+001	
  1.7963369387293335e+010	 -6.4200000000000003e+001	
  1.7963584156090000e+010	 -8.5700000000000003e+001	
  1.7963798924886665e+010	 -6.5359999999999999e+001	
  1.7964013693683334e+010	 -8.6700000000000003e+001	
  1.7964228462480000e+010	 -6.7200000000000003e+001	
  1.7964443231276669e+010	 -8.5530000000000001e+001	
  1.7964658000073334e+010	 -6.5700000000000003e+001	
  1.7964872768869999e+010	 -8.5700000000000003e+001	
  1.7965087537666668e+010	 -6.4530000000000001e+001	
  1.7965302306463333e+010	 -8.5530000000000001e+001	
  1.7965517075259998e+010	 -6.5030000000000001e+001	
  1.7965731844056667e+010	 -9.3359999999999999e+001	
  1.7965946612853333e+010	 -6.4030000000000001e+001	
  1.7966161381650002e+010	 -8.9200000000000003e+001	
  1.7966376150446667e+010	 -6.5700000000000003e+001	
  1.7966590919243332e+010	 -8.8859999999999999e+001	
  1.7966805688040001e+010	 -6.5700000000000003e+001	
  1.7967020456836666e+010	 -8.4530000000000001e+001	
  1.7967235225633335e+010	 -6.5030000000000001e+001	
  1.7967449994430000e+010	 -9.0530000000000001e+001	
  1.7967664763226665e+010	 -6.6359999999999999e+001	
  1.7967879532023335e+010	 -9.1359999999999999e+001	
  1.7968094300820000e+010	 -6.4030000000000001e+001	
  1.7968309069616665e+010	 -8.9030000000000001e+001	
  1.7968523838413334e+010	 -6.5030000000000001e+001	
  1.7968738607209999e+010	 -8.7530000000000001e+001	
  1.7968953376006668e+010	 -6.4030000000000001e+001	
  1.7969168144803333e+010	 -8.9359999999999999e+001	
  1.7969382913599998e+010	 -6.6030000000000001e+001	
  1.7969597682396667e+010	 -8.9030000000000001e+001	
  1.7969812451193333e+010	 -6.5200000000000003e+001	
  1.7970027219990002e+010	 -8.9030000000000001e+001	
  1.7970241988786667e+010	 -6.4530000000000001e+001	
  1.7970456757583332e+010	 -8.5859999999999999e+001	
  1.7970671526380001e+010	 -6.5859999999999999e+001	
  1.7970886295176666e+010	 -9.3030000000000001e+001	
  1.7971101063973331e+010	 -6.6200000000000003e+001	
  1.7971315832770000e+010	 -8.8200000000000003e+001	
  1.7971530601566666e+010	 -6.5030000000000001e+001	
  1.7971745370363335e+010	 -8.7700000000000003e+001	
  1.7971960139160000e+010	 -6.5859999999999999e+001	
  1.7972174907956665e+010	 -8.7359999999999999e+001	
  1.7972389676753334e+010	 -6.6200000000000003e+001	
  1.7972604445549999e+010	 -9.1700000000000003e+001	
  1.7972819214346668e+010	 -6.6530000000000001e+001	
  1.7973033983143333e+010	 -8.9530000000000001e+001	
  1.7973248751939999e+010	 -6.5200000000000003e+001	
  1.7973463520736668e+010	 -8.9200000000000003e+001	
  1.7973678289533333e+010	 -6.6530000000000001e+001	
  1.7973893058330002e+010	 -9.0700000000000003e+001	
  1.7974107827126667e+010	 -6.4859999999999999e+001	
  1.7974322595923332e+010	 -8.8200000000000003e+001	
  1.7974537364720001e+010	 -6.6030000000000001e+001	
  1.7974752133516666e+010	 -8.7530000000000001e+001	
  1.7974966902313332e+010	 -6.6030000000000001e+001	
  1.7975181671110001e+010	 -8.7030000000000001e+001	
  1.7975396439906666e+010	 -6.6359999999999999e+001	
  1.7975611208703335e+010	 -9.1359999999999999e+001	
  1.7975825977500000e+010	 -6.5859999999999999e+001	
  1.7976040746296665e+010	 -8.6700000000000003e+001	
  1.7976255515093334e+010	 -6.6359999999999999e+001	
  1.7976470283889999e+010	 -8.7700000000000003e+001	
  1.7976685052686668e+010	 -6.4030000000000001e+001	
  1.7976899821483334e+010	 -8.7030000000000001e+001	
  1.7977114590279999e+010	 -6.4359999999999999e+001	
  1.7977329359076668e+010	 -8.8200000000000003e+001	
  1.7977544127873333e+010	 -6.5200000000000003e+001	
  1.7977758896669998e+010	 -8.9200000000000003e+001	
  1.7977973665466667e+010	 -6.4530000000000001e+001	
  1.7978188434263332e+010	 -8.5700000000000003e+001	
  1.7978403203060001e+010	 -6.5359999999999999e+001	
  1.7978617971856667e+010	 -8.5859999999999999e+001	
  1.7978832740653332e+010	 -6.5530000000000001e+001	
  1.7979047509450001e+010	 -8.8700000000000003e+001	
  1.7979262278246666e+010	 -6.4530000000000001e+001	
  1.7979477047043335e+010	 -8.7030000000000001e+001	
  1.7979691815840000e+010	 -6.6530000000000001e+001	
  1.7979906584636665e+010	 -8.8200000000000003e+001	
  1.7980121353433334e+010	 -6.5030000000000001e+001	
  1.7980336122230000e+010	 -8.9700000000000003e+001	
  1.7980550891026669e+010	 -6.5859999999999999e+001	
  1.7980765659823334e+010	 -8.7200000000000003e+001	
  1.7980980428619999e+010	 -6.5700000000000003e+001	
  1.7981195197416668e+010	 -8.9530000000000001e+001	
  1.7981409966213333e+010	 -6.4700000000000003e+001	
  1.7981624735009998e+010	 -8.7030000000000001e+001	
  1.7981839503806667e+010	 -6.3700000000000003e+001	
  1.7982054272603333e+010	 -8.7200000000000003e+001	
  1.7982269041400002e+010	 -6.4200000000000003e+001	
  1.7982483810196667e+010	 -8.8200000000000003e+001	
  1.7982698578993332e+010	 -6.4859999999999999e+001	
  1.7982913347790001e+010	 -9.2359999999999999e+001	
  1.7983128116586666e+010	 -6.5530000000000001e+001	
  1.7983342885383335e+010	 -8.7359999999999999e+001	
  1.7983557654180000e+010	 -6.5200000000000003e+001	
  1.7983772422976665e+010	 -8.9530000000000001e+001	
  1.7983987191773335e+010	 -6.5700000000000003e+001	
  1.7984201960570000e+010	 -9.1200000000000003e+001	
  1.7984416729366665e+010	 -6.5530000000000001e+001	
  1.7984631498163334e+010	 -9.1359999999999999e+001	
  1.7984846266959999e+010	 -6.6030000000000001e+001	
  1.7985061035756668e+010	 -8.8859999999999999e+001	
  1.7985275804553333e+010	 -6.4700000000000003e+001	
  1.7985490573349998e+010	 -8.7530000000000001e+001	
  1.7985705342146667e+010	 -6.6530000000000001e+001	
  1.7985920110943333e+010	 -8.8530000000000001e+001	
  1.7986134879740002e+010	 -6.3530000000000001e+001	
  1.7986349648536667e+010	 -9.0200000000000003e+001	
  1.7986564417333332e+010	 -6.4859999999999999e+001	
  1.7986779186130001e+010	 -9.2530000000000001e+001	
  1.7986993954926666e+010	 -6.4530000000000001e+001	
  1.7987208723723331e+010	 -8.8359999999999999e+001	
  1.7987423492520000e+010	 -6.5859999999999999e+001	
  1.7987638261316666e+010	 -8.5359999999999999e+001	
  1.7987853030113335e+010	 -6.4530000000000001e+001	
  1.7988067798910000e+010	 -9.0700000000000003e+001	
  1.7988282567706665e+010	 -6.5030000000000001e+001	
  1.7988497336503334e+010	 -8.6530000000000001e+001	
  1.7988712105299999e+010	 -6.4700000000000003e+001	
  1.7988926874096668e+010	 -9.1200000000000003e+001	
  1.7989141642893333e+010	 -6.6200000000000003e+001	
  1.7989356411689999e+010	 -8.7530000000000001e+001	
  1.7989571180486668e+010	 -6.5859999999999999e+001	
  1.7989785949283333e+010	 -9.1030000000000001e+001	
  1.7990000718080002e+010	 -6.5700000000000003e+001	
  1.7990215486876667e+010	 -8.7859999999999999e+001	
  1.7990430255673332e+010	 -6.5200000000000003e+001	
  1.7990645024470001e+010	 -9.1359999999999999e+001	
  1.7990859793266666e+010	 -6.4700000000000003e+001	
  1.7991074562063332e+010	 -8.9030000000000001e+001	
  1.7991289330860001e+010	 -6.5859999999999999e+001	
  1.7991504099656666e+010	 -8.6859999999999999e+001	
  1.7991718868453335e+010	 -6.5859999999999999e+001	
  1.7991933637250000e+010	 -8.6359999999999999e+001	
  1.7992148406046665e+010	 -6.5530000000000001e+001	
  1.7992363174843334e+010	 -8.9530000000000001e+001	
  1.7992577943639999e+010	 -6.6030000000000001e+001	
  1.7992792712436668e+010	 -8.4859999999999999e+001	
  1.7993007481233334e+010	 -6.5200000000000003e+001	
  1.7993222250029999e+010	 -8.4359999999999999e+001	
  1.7993437018826668e+010	 -6.5530000000000001e+001	
  1.7993651787623333e+010	 -8.5530000000000001e+001	
  1.7993866556419998e+010	 -6.4359999999999999e+001	
  1.7994081325216667e+010	 -9.0530000000000001e+001	
  1.7994296094013332e+010	 -6.5859999999999999e+001	
  1.7994510862810001e+010	 -8.8530000000000001e+001	
  1.7994725631606667e+010	 -6.5530000000000001e+001	
  1.7994940400403332e+010	 -8.5200000000000003e+001	
  1.7995155169200001e+010	 -6.3859999999999999e+001	
  1.7995369937996666e+010	 -9.1200000000000003e+001	
  1.7995584706793335e+010	 -6.5700000000000003e+001	
  1.7995799475590000e+010	 -8.7200000000000003e+001	
  1.7996014244386665e+010	 -6.5030000000000001e+001	
  1.7996229013183334e+010	 -8.9859999999999999e+001	
  1.7996443781980000e+010	 -6.6200000000000003e+001	
  1.7996658550776669e+010	 -8.6530000000000001e+001	
  1.7996873319573334e+010	 -6.5859999999999999e+001	
  1.7997088088369999e+010	 -8.7859999999999999e+001	
  1.7997302857166668e+010	 -6.4859999999999999e+001	
  1.7997517625963333e+010	 -8.8859999999999999e+001	
  1.7997732394759998e+010	 -6.4200000000000003e+001	
  1.7997947163556667e+010	 -8.6700000000000003e+001	
  1.7998161932353333e+010	 -6.5859999999999999e+001	
  1.7998376701150002e+010	 -8.5700000000000003e+001	
  1.7998591469946667e+010	 -6.5700000000000003e+001	
  1.7998806238743332e+010	 -8.1030000000000001e+001	
  1.7999021007540001e+010	 -6.3700000000000003e+001	
  1.7999235776336666e+010	 -7.5530000000000001e+001	
  1.7999450545133335e+010	 -5.9700000000000003e+001	
  1.7999665313930000e+010	 -6.5200000000000003e+001	
  1.7999880082726665e+010	 -5.6859999999999999e+001	
  1.8000094851523335e+010	 -6.2700000000000003e+001	
  1.8000309620320000e+010	 -5.6200000000000003e+001	
  1.8000524389116665e+010	 -6.5359999999999999e+001	
  1.8000739157913334e+010	 -5.7859999999999999e+001	
  1.8000953926709999e+010	 -7.4859999999999999e+001	
  1.8001168695506668e+010	 -6.1530000000000001e+001	
  1.8001383464303333e+010	 -8.0700000000000003e+001	
  1.8001598233099998e+010	 -6.4200000000000003e+001	
  1.8001813001896667e+010	 -8.4700000000000003e+001	
  1.8002027770693333e+010	 -6.4700000000000003e+001	
  1.8002242539490002e+010	 -8.7200000000000003e+001	
  1.8002457308286667e+010	 -6.5200000000000003e+001	
  1.8002672077083332e+010	 -8.5030000000000001e+001	
  1.8002886845880001e+010	 -6.4700000000000003e+001	
  1.8003101614676666e+010	 -8.8859999999999999e+001	
  1.8003316383473331e+010	 -6.5859999999999999e+001	
  1.8003531152270000e+010	 -8.8359999999999999e+001	
  1.8003745921066666e+010	 -6.3859999999999999e+001	
  1.8003960689863335e+010	 -8.8859999999999999e+001	
  1.8004175458660000e+010	 -6.6359999999999999e+001	
  1.8004390227456665e+010	 -8.9700000000000003e+001	
  1.8004604996253334e+010	 -6.4700000000000003e+001	
  1.8004819765049999e+010	 -8.7200000000000003e+001	
  1.8005034533846668e+010	 -6.4030000000000001e+001	
  1.8005249302643333e+010	 -8.6030000000000001e+001	
  1.8005464071439999e+010	 -6.5359999999999999e+001	
  1.8005678840236668e+010	 -8.7359999999999999e+001	
  1.8005893609033333e+010	 -6.6359999999999999e+001	
  1.8006108377830002e+010	 -8.7700000000000003e+001	
  1.8006323146626667e+010	 -6.5859999999999999e+001	
  1.8006537915423332e+010	 -8.6030000000000001e+001	
  1.8006752684220001e+010	 -6.4859999999999999e+001	
  1.8006967453016666e+010	 -8.6359999999999999e+001	
  1.8007182221813332e+010	 -6.5530000000000001e+001	
  1.8007396990610001e+010	 -8.4359999999999999e+001	
  1.8007611759406666e+010	 -6.5030000000000001e+001	
  1.8007826528203335e+010	 -8.7200000000000003e+001	
  1.8008041297000000e+010	 -6.5030000000000001e+001	
  1.8008256065796665e+010	 -8.6530000000000001e+001	
  1.8008470834593334e+010	 -6.3530000000000001e+001	
  1.8008685603389999e+010	 -9.0200000000000003e+001	
  1.8008900372186668e+010	 -6.5530000000000001e+001	
  1.8009115140983334e+010	 -9.3530000000000001e+001	
  1.8009329909779999e+010	 -6.6359999999999999e+001	
  1.8009544678576668e+010	 -8.7700000000000003e+001	
  1.8009759447373333e+010	 -6.5359999999999999e+001	
  1.8009974216169998e+010	 -8.6530000000000001e+001	
  1.8010188984966667e+010	 -6.4859999999999999e+001	
  1.8010403753763332e+010	 -8.7859999999999999e+001	
  1.8010618522560001e+010	 -6.5200000000000003e+001	
  1.8010833291356667e+010	 -8.8030000000000001e+001	
  1.8011048060153332e+010	 -6.5700000000000003e+001	
  1.8011262828950001e+010	 -8.7700000000000003e+001	
  1.8011477597746666e+010	 -6.6200000000000003e+001	
  1.8011692366543335e+010	 -8.6859999999999999e+001	
  1.8011907135340000e+010	 -6.4700000000000003e+001	
  1.8012121904136665e+010	 -8.5700000000000003e+001	
  1.8012336672933334e+010	 -6.5530000000000001e+001	
  1.8012551441730000e+010	 -8.7530000000000001e+001	
  1.8012766210526669e+010	 -6.4700000000000003e+001	
  1.8012980979323334e+010	 -8.5859999999999999e+001	
  1.8013195748119999e+010	 -6.6359999999999999e+001	
  1.8013410516916668e+010	 -8.7200000000000003e+001	
  1.8013625285713333e+010	 -6.5700000000000003e+001	
  1.8013840054509998e+010	 -9.0030000000000001e+001	
  1.8014054823306667e+010	 -6.4030000000000001e+001	
  1.8014269592103333e+010	 -8.9200000000000003e+001	
  1.8014484360900002e+010	 -6.3700000000000003e+001	
  1.8014699129696667e+010	 -8.9200000000000003e+001	
  1.8014913898493332e+010	 -6.4700000000000003e+001	
  1.8015128667290001e+010	 -8.9700000000000003e+001	
  1.8015343436086666e+010	 -6.4530000000000001e+001	
  1.8015558204883335e+010	 -8.6859999999999999e+001	
  1.8015772973680000e+010	 -6.5200000000000003e+001	
  1.8015987742476665e+010	 -8.8530000000000001e+001	
  1.8016202511273335e+010	 -6.5200000000000003e+001	
  1.8016417280070000e+010	 -8.6700000000000003e+001	
  1.8016632048866665e+010	 -6.5859999999999999e+001	
  1.8016846817663334e+010	 -9.0200000000000003e+001	
  1.8017061586459999e+010	 -6.5530000000000001e+001	
  1.8017276355256668e+010	 -9.0700000000000003e+001	
  1.8017491124053333e+010	 -6.5859999999999999e+001	
  1.8017705892849998e+010	 -8.6700000000000003e+001	
  1.8017920661646667e+010	 -6.4700000000000003e+001	
  1.8018135430443333e+010	 -8.8700000000000003e+001	
  1.8018350199240002e+010	 -6.6530000000000001e+001	
  1.8018564968036667e+010	 -8.7859999999999999e+001	
  1.8018779736833332e+010	 -6.4859999999999999e+001	
  1.8018994505630001e+010	 -8.8530000000000001e+001	
  1.8019209274426666e+010	 -6.5030000000000001e+001	
  1.8019424043223331e+010	 -8.5200000000000003e+001	
  1.8019638812020000e+010	 -6.6700000000000003e+001	
  1.8019853580816666e+010	 -8.8530000000000001e+001	
  1.8020068349613335e+010	 -6.5200000000000003e+001	
  1.8020283118410000e+010	 -8.9030000000000001e+001	
  1.8020497887206665e+010	 -6.5859999999999999e+001	
  1.8020712656003334e+010	 -9.0030000000000001e+001	
  1.8020927424799999e+010	 -6.3359999999999999e+001	
  1.8021142193596668e+010	 -8.7700000000000003e+001	
  1.8021356962393333e+010	 -6.4700000000000003e+001	
  1.8021571731189999e+010	 -8.8359999999999999e+001	
  1.8021786499986668e+010	 -6.6200000000000003e+001	
  1.8022001268783333e+010	 -8.7530000000000001e+001	
  1.8022216037580002e+010	 -6.5700000000000003e+001	
  1.8022430806376667e+010	 -8.9200000000000003e+001	
  1.8022645575173332e+010	 -6.5200000000000003e+001	
  1.8022860343970001e+010	 -9.1200000000000003e+001	
  1.8023075112766666e+010	 -6.3700000000000003e+001	
  1.8023289881563332e+010	 -8.6359999999999999e+001	
  1.8023504650360001e+010	 -6.3530000000000001e+001	
  1.8023719419156666e+010	 -8.9700000000000003e+001	
  1.8023934187953335e+010	 -6.5030000000000001e+001	
  1.8024148956750000e+010	 -8.9359999999999999e+001	
  1.8024363725546665e+010	 -6.4359999999999999e+001	
  1.8024578494343334e+010	 -8.8359999999999999e+001	
  1.8024793263139999e+010	 -6.5700000000000003e+001	
  1.8025008031936668e+010	 -9.2200000000000003e+001	
  1.8025222800733334e+010	 -6.5359999999999999e+001	
  1.8025437569529999e+010	 -8.7359999999999999e+001	
  1.8025652338326668e+010	 -6.5859999999999999e+001	
  1.8025867107123333e+010	 -8.9700000000000003e+001	
  1.8026081875919998e+010	 -6.4200000000000003e+001	
  1.8026296644716667e+010	 -8.7530000000000001e+001	
  1.8026511413513332e+010	 -6.5200000000000003e+001	
  1.8026726182310001e+010	 -8.5859999999999999e+001	
  1.8026940951106667e+010	 -6.6030000000000001e+001	
  1.8027155719903332e+010	 -8.6700000000000003e+001	
  1.8027370488700001e+010	 -6.5530000000000001e+001	
  1.8027585257496666e+010	 -8.8700000000000003e+001	
  1.8027800026293335e+010	 -6.5859999999999999e+001	
  1.8028014795090000e+010	 -8.7530000000000001e+001	
  1.8028229563886665e+010	 -6.5530000000000001e+001	
  1.8028444332683334e+010	 -9.0200000000000003e+001	
  1.8028659101480000e+010	 -6.4700000000000003e+001	
  1.8028873870276669e+010	 -8.8030000000000001e+001	
  1.8029088639073334e+010	 -6.5200000000000003e+001	
  1.8029303407869999e+010	 -9.1359999999999999e+001	
  1.8029518176666668e+010	 -6.4859999999999999e+001	
  1.8029732945463333e+010	 -8.4530000000000001e+001	
  1.8029947714259998e+010	 -6.4859999999999999e+001	
  1.8030162483056667e+010	 -8.7700000000000003e+001	
  1.8030377251853333e+010	 -6.5530000000000001e+001	
  1.8030592020650002e+010	 -8.9530000000000001e+001	
  1.8030806789446667e+010	 -6.4859999999999999e+001	
  1.8031021558243332e+010	 -8.8030000000000001e+001	
  1.8031236327040001e+010	 -6.6030000000000001e+001	
  1.8031451095836666e+010	 -8.7700000000000003e+001	
  1.8031665864633335e+010	 -6.5700000000000003e+001	
  1.8031880633430000e+010	 -8.8359999999999999e+001	
  1.8032095402226665e+010	 -6.3530000000000001e+001	
  1.8032310171023335e+010	 -8.9200000000000003e+001	
  1.8032524939820000e+010	 -6.4859999999999999e+001	
  1.8032739708616665e+010	 -8.7700000000000003e+001	
  1.8032954477413334e+010	 -6.4359999999999999e+001	
  1.8033169246209999e+010	 -9.0200000000000003e+001	
  1.8033384015006668e+010	 -6.4030000000000001e+001	
  1.8033598783803333e+010	 -9.0200000000000003e+001	
  1.8033813552599998e+010	 -6.4200000000000003e+001	
  1.8034028321396667e+010	 -8.7700000000000003e+001	
  1.8034243090193333e+010	 -6.4700000000000003e+001	
  1.8034457858990002e+010	 -8.7700000000000003e+001	
  1.8034672627786667e+010	 -6.5530000000000001e+001	
  1.8034887396583332e+010	 -8.8530000000000001e+001	
  1.8035102165380001e+010	 -6.4700000000000003e+001	
  1.8035316934176666e+010	 -8.6359999999999999e+001	
  1.8035531702973331e+010	 -6.5030000000000001e+001	
  1.8035746471770000e+010	 -8.7200000000000003e+001	
  1.8035961240566666e+010	 -6.5200000000000003e+001	
  1.8036176009363335e+010	 -8.7859999999999999e+001	
  1.8036390778160000e+010	 -6.4030000000000001e+001	
  1.8036605546956665e+010	 -8.7859999999999999e+001	
  1.8036820315753334e+010	 -6.4859999999999999e+001	
  1.8037035084549999e+010	 -8.5200000000000003e+001	
  1.8037249853346668e+010	 -6.4530000000000001e+001	
  1.8037464622143333e+010	 -8.7200000000000003e+001	
  1.8037679390939999e+010	 -6.4030000000000001e+001	
  1.8037894159736668e+010	 -8.8700000000000003e+001	
  1.8038108928533333e+010	 -6.6359999999999999e+001	
  1.8038323697330002e+010	 -8.9030000000000001e+001	
  1.8038538466126667e+010	 -6.4700000000000003e+001	
  1.8038753234923332e+010	 -8.8359999999999999e+001	
  1.8038968003720001e+010	 -6.4700000000000003e+001	
  1.8039182772516666e+010	 -8.7859999999999999e+001	
  1.8039397541313332e+010	 -6.5359999999999999e+001	
  1.8039612310110001e+010	 -8.6359999999999999e+001	
  1.8039827078906666e+010	 -6.5530000000000001e+001	
  1.8040041847703335e+010	 -8.5530000000000001e+001	
  1.8040256616500000e+010	 -6.3700000000000003e+001	
  1.8040471385296665e+010	 -8.8200000000000003e+001	
  1.8040686154093334e+010	 -6.5530000000000001e+001	
  1.8040900922889999e+010	 -9.2200000000000003e+001	
  1.8041115691686668e+010	 -6.3859999999999999e+001	
  1.8041330460483334e+010	 -8.5200000000000003e+001	
  1.8041545229279999e+010	 -6.5200000000000003e+001	
  1.8041759998076668e+010	 -8.7200000000000003e+001	
  1.8041974766873333e+010	 -6.5359999999999999e+001	
  1.8042189535669998e+010	 -8.7530000000000001e+001	
  1.8042404304466667e+010	 -6.5530000000000001e+001	
  1.8042619073263332e+010	 -8.6700000000000003e+001	
  1.8042833842060001e+010	 -6.6200000000000003e+001	
  1.8043048610856667e+010	 -8.8859999999999999e+001	
  1.8043263379653332e+010	 -6.6030000000000001e+001	
  1.8043478148450001e+010	 -8.7700000000000003e+001	
  1.8043692917246666e+010	 -6.4200000000000003e+001	
  1.8043907686043335e+010	 -8.8030000000000001e+001	
  1.8044122454840000e+010	 -6.4030000000000001e+001	
  1.8044337223636665e+010	 -8.7030000000000001e+001	
  1.8044551992433334e+010	 -6.5359999999999999e+001	
  1.8044766761230000e+010	 -8.5700000000000003e+001	
  1.8044981530026669e+010	 -6.3200000000000003e+001	
  1.8045196298823334e+010	 -8.7359999999999999e+001	
  1.8045411067619999e+010	 -6.5700000000000003e+001	
  1.8045625836416668e+010	 -8.7359999999999999e+001	
  1.8045840605213333e+010	 -6.5200000000000003e+001	
  1.8046055374009998e+010	 -8.7530000000000001e+001	
  1.8046270142806667e+010	 -6.5359999999999999e+001	
  1.8046484911603333e+010	 -8.8859999999999999e+001	
  1.8046699680400002e+010	 -6.4530000000000001e+001	
  1.8046914449196667e+010	 -9.0200000000000003e+001	
  1.8047129217993332e+010	 -6.4030000000000001e+001	
  1.8047343986790001e+010	 -8.8200000000000003e+001	
  1.8047558755586666e+010	 -6.5030000000000001e+001	
  1.8047773524383335e+010	 -8.7200000000000003e+001	
  1.8047988293180000e+010	 -6.5359999999999999e+001	
  1.8048203061976665e+010	 -8.8359999999999999e+001	
  1.8048417830773335e+010	 -6.5700000000000003e+001	
  1.8048632599570000e+010	 -8.7030000000000001e+001	
  1.8048847368366665e+010	 -6.4359999999999999e+001	
  1.8049062137163334e+010	 -8.9859999999999999e+001	
  1.8049276905959999e+010	 -6.5359999999999999e+001	
  1.8049491674756668e+010	 -8.7030000000000001e+001	
  1.8049706443553333e+010	 -6.3200000000000003e+001	
  1.8049921212349998e+010	 -8.8359999999999999e+001	
  1.8050135981146667e+010	 -6.5030000000000001e+001	
  1.8050350749943333e+010	 -8.9359999999999999e+001	
  1.8050565518740002e+010	 -6.4359999999999999e+001	
  1.8050780287536667e+010	 -8.9700000000000003e+001	
  1.8050995056333332e+010	 -6.5200000000000003e+001	
  1.8051209825130001e+010	 -9.2030000000000001e+001	
  1.8051424593926666e+010	 -6.5359999999999999e+001	
  1.8051639362723331e+010	 -8.5700000000000003e+001	
  1.8051854131520000e+010	 -6.6030000000000001e+001	
  1.8052068900316666e+010	 -8.6030000000000001e+001	
  1.8052283669113335e+010	 -6.4530000000000001e+001	
  1.8052498437910000e+010	 -9.0359999999999999e+001	
  1.8052713206706665e+010	 -6.3359999999999999e+001	
  1.8052927975503334e+010	 -8.6200000000000003e+001	
  1.8053142744299999e+010	 -6.2700000000000003e+001	
  1.8053357513096668e+010	 -8.6530000000000001e+001	
  1.8053572281893333e+010	 -6.3700000000000003e+001	
  1.8053787050689999e+010	 -9.1030000000000001e+001	
  1.8054001819486668e+010	 -6.3859999999999999e+001	
  1.8054216588283333e+010	 -8.6530000000000001e+001	
  1.8054431357080002e+010	 -6.4359999999999999e+001	
  1.8054646125876667e+010	 -8.8530000000000001e+001	
  1.8054860894673332e+010	 -6.4700000000000003e+001	
  1.8055075663470001e+010	 -8.8859999999999999e+001	
  1.8055290432266666e+010	 -6.4200000000000003e+001	
  1.8055505201063332e+010	 -9.2030000000000001e+001	
  1.8055719969860001e+010	 -6.3859999999999999e+001	
  1.8055934738656666e+010	 -8.6359999999999999e+001	
  1.8056149507453335e+010	 -6.4200000000000003e+001	
  1.8056364276250000e+010	 -8.6200000000000003e+001	
  1.8056579045046665e+010	 -6.5359999999999999e+001	
  1.8056793813843334e+010	 -8.6530000000000001e+001	
  1.8057008582639999e+010	 -6.5359999999999999e+001	
  1.8057223351436668e+010	 -8.4530000000000001e+001	
  1.8057438120233334e+010	 -6.4700000000000003e+001	
  1.8057652889029999e+010	 -8.6359999999999999e+001	
  1.8057867657826668e+010	 -6.4700000000000003e+001	
  1.8058082426623333e+010	 -8.7200000000000003e+001	
  1.8058297195419998e+010	 -6.5200000000000003e+001	
  1.8058511964216667e+010	 -8.6859999999999999e+001	
  1.8058726733013332e+010	 -6.5700000000000003e+001	
  1.8058941501810001e+010	 -9.3700000000000003e+001	
  1.8059156270606667e+010	 -6.5700000000000003e+001	
  1.8059371039403332e+010	 -8.7200000000000003e+001	
  1.8059585808200001e+010	 -6.5530000000000001e+001	
  1.8059800576996666e+010	 -8.5530000000000001e+001	
  1.8060015345793335e+010	 -6.4859999999999999e+001	
  1.8060230114590000e+010	 -8.9700000000000003e+001	
  1.8060444883386665e+010	 -6.4359999999999999e+001	
  1.8060659652183334e+010	 -8.4700000000000003e+001	
  1.8060874420980000e+010	 -6.5030000000000001e+001	
  1.8061089189776669e+010	 -8.7700000000000003e+001	
  1.8061303958573334e+010	 -6.5530000000000001e+001	
  1.8061518727369999e+010	 -8.7359999999999999e+001	
  1.8061733496166668e+010	 -6.4700000000000003e+001	
  1.8061948264963333e+010	 -8.9030000000000001e+001	
  1.8062163033759998e+010	 -6.5200000000000003e+001	
  1.8062377802556667e+010	 -9.1359999999999999e+001	
  1.8062592571353333e+010	 -6.5530000000000001e+001	
  1.8062807340150002e+010	 -8.7359999999999999e+001	
  1.8063022108946667e+010	 -6.4700000000000003e+001	
  1.8063236877743332e+010	 -8.8859999999999999e+001	
  1.8063451646540001e+010	 -6.4359999999999999e+001	
  1.8063666415336666e+010	 -8.7200000000000003e+001	
  1.8063881184133335e+010	 -6.4530000000000001e+001	
  1.8064095952930000e+010	 -8.9030000000000001e+001	
  1.8064310721726665e+010	 -6.4530000000000001e+001	
  1.8064525490523335e+010	 -8.6530000000000001e+001	
  1.8064740259320000e+010	 -6.4200000000000003e+001	
  1.8064955028116665e+010	 -8.6200000000000003e+001	
  1.8065169796913334e+010	 -6.4530000000000001e+001	
  1.8065384565709999e+010	 -8.4359999999999999e+001	
  1.8065599334506668e+010	 -6.3859999999999999e+001	
  1.8065814103303333e+010	 -8.9200000000000003e+001	
  1.8066028872099998e+010	 -6.5530000000000001e+001	
  1.8066243640896667e+010	 -8.8859999999999999e+001	
  1.8066458409693333e+010	 -6.4700000000000003e+001	
  1.8066673178490002e+010	 -8.6530000000000001e+001	
  1.8066887947286667e+010	 -6.3359999999999999e+001	
  1.8067102716083332e+010	 -9.4200000000000003e+001	
  1.8067317484880001e+010	 -6.5359999999999999e+001	
  1.8067532253676666e+010	 -8.4359999999999999e+001	
  1.8067747022473331e+010	 -6.3859999999999999e+001	
  1.8067961791270000e+010	 -8.8200000000000003e+001	
  1.8068176560066666e+010	 -6.4359999999999999e+001	
  1.8068391328863335e+010	 -8.7030000000000001e+001	
  1.8068606097660000e+010	 -6.4030000000000001e+001	
  1.8068820866456665e+010	 -8.6530000000000001e+001	
  1.8069035635253334e+010	 -6.3530000000000001e+001	
  1.8069250404049999e+010	 -8.8530000000000001e+001	
  1.8069465172846668e+010	 -6.5700000000000003e+001	
  1.8069679941643333e+010	 -9.0700000000000003e+001	
  1.8069894710439999e+010	 -6.5200000000000003e+001	
  1.8070109479236668e+010	 -8.5030000000000001e+001	
  1.8070324248033333e+010	 -6.5530000000000001e+001	
  1.8070539016830002e+010	 -8.9200000000000003e+001	
  1.8070753785626667e+010	 -6.3030000000000001e+001	
  1.8070968554423332e+010	 -8.8700000000000003e+001	
  1.8071183323220001e+010	 -6.6030000000000001e+001	
  1.8071398092016666e+010	 -8.5859999999999999e+001	
  1.8071612860813332e+010	 -6.4359999999999999e+001	
  1.8071827629610001e+010	 -8.7700000000000003e+001	
  1.8072042398406666e+010	 -6.4859999999999999e+001	
  1.8072257167203335e+010	 -8.4859999999999999e+001	
  1.8072471936000000e+010	 -6.3859999999999999e+001	
