100000000.000000	0.000000
100083194.675541	-72.721500
100166389.351082	-70.250850
100249584.026622	-71.187320
100332778.702163	-70.022770
100415973.377704	-71.438920
100499168.053245	-74.347920
100582362.728785	-70.404380
100665557.404326	-70.785540
100748752.079867	-73.910870
100831946.755408	-73.064310
100915141.430948	-70.838650
100998336.106489	-72.102520
101081530.782030	-71.489780
101164725.457571	-70.853740
101247920.133111	-74.896970
101331114.808652	-74.469730
101414309.484193	-68.557460
101497504.159734	-70.394790
101580698.835275	-72.015750
101663893.510815	-68.998950
101747088.186356	-69.761150
101830282.861897	-67.867840
101913477.537438	-67.908640
101996672.212978	-68.829770
102079866.888519	-68.981890
102163061.564060	-71.097870
102246256.239601	-69.971500
102329450.915141	-67.160400
102412645.590682	-69.314560
102495840.266223	-69.326230
102579034.941764	-71.093770
102662229.617304	-71.212620
102745424.292845	-71.387580
102828618.968386	-75.410420
102911813.643927	-70.809560
102995008.319468	-71.681720
103078202.995008	-71.903930
103161397.670549	-69.417950
103244592.346090	-69.182950
103327787.021631	-71.426230
103410981.697171	-67.673010
103494176.372712	-71.670750
103577371.048253	-71.208470
103660565.723794	-67.958460
103743760.399334	-67.900180
103826955.074875	-69.920510
103910149.750416	-70.498470
103993344.425957	-67.876560
104076539.101498	-69.520020
104159733.777038	-72.532210
104242928.452579	-73.265340
104326123.128120	-71.541210
104409317.803661	-68.306530
104492512.479201	-69.763500
104575707.154742	-69.410830
104658901.830283	-69.576230
104742096.505824	-72.022110
104825291.181364	-71.126000
104908485.856905	-71.997950
104991680.532446	-70.679230
105074875.207987	-71.610190
105158069.883527	-72.073140
105241264.559068	-72.904820
105324459.234609	-67.427190
105407653.910150	-73.535860
105490848.585691	-73.212620
105574043.261231	-71.168780
105657237.936772	-71.742110
105740432.612313	-70.375470
105823627.287854	-72.457170
105906821.963394	-74.423600
105990016.638935	-72.416270
106073211.314476	-73.522510
106156405.990017	-71.043280
106239600.665557	-68.774640
106322795.341098	-71.747800
106405990.016639	-70.826620
106489184.692180	-72.869430
106572379.367720	-72.554910
106655574.043261	-70.243850
106738768.718802	-71.788120
106821963.394343	-68.152570
106905158.069884	-69.374600
106988352.745424	-69.321220
107071547.420965	-70.119720
107154742.096506	-70.599540
107237936.772047	-68.131650
107321131.447587	-71.098080
107404326.123128	-70.538090
107487520.798669	-67.982640
107570715.474210	-69.263120
107653910.149750	-69.377160
107737104.825291	-66.431760
107820299.500832	-67.177120
107903494.176373	-73.181900
107986688.851913	-68.051450
108069883.527454	-74.850540
108153078.202995	-73.257350
108236272.878536	-70.304080
108319467.554077	-73.459080
108402662.229617	-73.269320
108485856.905158	-69.918210
108569051.580699	-72.634190
108652246.256240	-69.774490
108735440.931780	-73.677140
108818635.607321	-68.035130
108901830.282862	-71.941380
108985024.958403	-69.138620
109068219.633943	-73.043620
109151414.309484	-70.114940
109234608.985025	-70.181860
109317803.660566	-72.013660
109400998.336106	-71.808700
109484193.011647	-71.438630
109567387.687188	-71.841540
109650582.362729	-69.033990
109733777.038270	-68.368420
109816971.713810	-68.368420
109900166.389351	-68.584660
109983361.064892	-69.376710
110066555.740433	-68.999710
110149750.415973	-68.975320
110232945.091514	-71.943800
110316139.767055	-67.895320
110399334.442596	-74.690870
110482529.118136	-70.380920
110565723.793677	-73.562850
110648918.469218	-69.545780
110732113.144759	-69.676870
110815307.820300	-73.650050
110898502.495840	-72.232190
110981697.171381	-70.642650
111064891.846922	-72.147510
111148086.522463	-70.958310
111231281.198003	-70.507890
111314475.873544	-69.083660
111397670.549085	-70.641650
111480865.224626	-70.730680
111564059.900166	-71.196320
111647254.575707	-72.139490
111730449.251248	-70.550610
111813643.926789	-72.571010
111896838.602329	-69.364520
111980033.277870	-73.941940
112063227.953411	-73.894580
112146422.628952	-71.179600
112229617.304493	-72.681310
112312811.980033	-72.330020
112396006.655574	-71.988950
112479201.331115	-70.711800
112562396.006656	-71.360530
112645590.682196	-73.284320
112728785.357737	-69.743830
112811980.033278	-70.780530
112895174.708819	-68.607320
112978369.384359	-71.376580
113061564.059900	-67.483640
113144758.735441	-71.398100
113227953.410982	-65.617590
113311148.086522	-70.320820
113394342.762063	-69.496070
113477537.437604	-70.415240
113560732.113145	-70.343620
113643926.788686	-71.729770
113727121.464226	-70.785540
113810316.139767	-67.572360
113893510.815308	-67.558930
113976705.490849	-70.212330
114059900.166389	-70.092300
114143094.841930	-69.922100
114226289.517471	-72.270840
114309484.193012	-69.209930
114392678.868552	-68.101590
114475873.544093	-71.523670
114559068.219634	-72.705500
114642262.895175	-69.420340
114725457.570715	-67.631730
114808652.246256	-70.795560
114891846.921797	-72.146030
114975041.597338	-69.131620
115058236.272879	-69.535580
115141430.948419	-71.126480
115224625.623960	-74.909880
115307820.299501	-68.260780
115391014.975042	-71.644480
115474209.650582	-71.467280
115557404.326123	-71.832150
115640599.001664	-72.847000
115723793.677205	-68.744640
115806988.352745	-75.462050
115890183.028286	-70.915660
115973377.703827	-72.113470
116056572.379368	-71.998760
116139767.054908	-70.976840
116222961.730449	-71.943670
116306156.405990	-70.357760
116389351.081531	-73.984560
116472545.757072	-74.732050
116555740.432612	-72.941720
116638935.108153	-73.940250
116722129.783694	-70.243130
116805324.459235	-73.287320
116888519.134775	-72.032360
116971713.810316	-71.212390
117054908.485857	-72.008110
117138103.161398	-73.120670
117221297.836938	-70.638600
117304492.512479	-70.739610
117387687.188020	-71.595180
117470881.863561	-70.904510
117554076.539101	-69.034810
117637271.214642	-70.614010
117720465.890183	-71.415700
117803660.565724	-70.138350
117886855.241265	-72.367160
117970049.916805	-72.435910
118053244.592346	-74.082980
118136439.267887	-70.424640
118219633.943428	-71.242980
118302828.618968	-76.960730
118386023.294509	-69.004380
118469217.970050	-71.131860
118552412.645591	-68.936120
118635607.321131	-69.117700
118718801.996672	-70.648420
118801996.672213	-70.728640
118885191.347754	-70.272230
118968386.023295	-70.081750
119051580.698835	-71.050940
119134775.374376	-69.271800
119217970.049917	-75.432370
119301164.725458	-71.003590
119384359.400998	-72.763400
119467554.076539	-73.528080
119550748.752080	-70.778530
119633943.427621	-73.070630
119717138.103161	-70.025510
119800332.778702	-75.842040
119883527.454243	-71.062340
119966722.129784	-71.719410
120049916.805324	-70.421640
120133111.480865	-71.230490
120216306.156406	-73.722940
120299500.831947	-69.964160
120382695.507488	-73.799130
120465890.183028	-71.151780
120549084.858569	-69.369820
120632279.534110	-71.585590
120715474.209651	-69.380040
120798668.885191	-68.015570
120881863.560732	-72.252150
120965058.236273	-72.139020
121048252.911814	-69.191910
121131447.587354	-70.195900
121214642.262895	-68.202280
121297836.938436	-72.716230
121381031.613977	-70.463970
121464226.289517	-72.410140
121547420.965058	-74.538840
121630615.640599	-71.007770
121713810.316140	-73.836480
121797004.991681	-71.892170
121880199.667221	-69.626960
121963394.342762	-68.638470
122046589.018303	-75.013640
122129783.693844	-69.923970
122212978.369384	-71.152910
122296173.044925	-70.957570
122379367.720466	-69.679740
122462562.396007	-68.101410
122545757.071547	-71.619910
122628951.747088	-70.828740
122712146.422629	-74.125420
122795341.098170	-69.871400
122878535.773710	-69.689320
122961730.449251	-72.332370
123044925.124792	-70.628650
123128119.800333	-68.193590
123211314.475874	-70.705750
123294509.151414	-67.798950
123377703.826955	-73.694700
123460898.502496	-71.332500
123544093.178037	-73.319480
123627287.853577	-72.259830
123710482.529118	-69.427310
123793677.204659	-68.413980
123876871.880200	-68.280010
123960066.555740	-69.512580
124043261.231281	-69.244130
124126455.906822	-69.236580
124209650.582363	-72.299110
124292845.257904	-75.300040
124376039.933444	-68.675470
124459234.608985	-71.954280
124542429.284526	-71.696700
124625623.960067	-72.223280
124708818.635607	-71.146780
124792013.311148	-69.716530
124875207.986689	-72.618900
124958402.662230	-72.787640
125041597.337770	-70.951520
125124792.013311	-72.377200
125207986.688852	-70.433940
125291181.364393	-70.432950
125374376.039933	-70.485080
125457570.715474	-72.215190
125540765.391015	-72.510870
125623960.066556	-71.820150
125707154.742097	-72.577140
125790349.417637	-71.864300
125873544.093178	-71.705720
125956738.768719	-71.722450
126039933.444260	-68.788410
126123128.119800	-72.770500
126206322.795341	-70.314360
126289517.470882	-71.392780
126372712.146423	-73.090030
126455906.821963	-72.661580
126539101.497504	-70.606960
126622296.173045	-73.164860
126705490.848586	-72.702740
126788685.524126	-70.472470
126871880.199667	-70.952580
126955074.875208	-73.224400
127038269.550749	-71.508670
127121464.226290	-74.719050
127204658.901830	-74.235990
127287853.577371	-70.835840
127371048.252912	-70.359060
127454242.928453	-72.765720
127537437.603993	-69.245160
127620632.279534	-68.400830
127703826.955075	-69.871820
127787021.630616	-70.872220
127870216.306156	-67.603200
127953410.981697	-70.956710
128036605.657238	-70.241420
128119800.332779	-77.356710
128202995.008319	-68.986050
128286189.683860	-70.913860
128369384.359401	-72.219280
128452579.034942	-68.937280
128535773.710483	-70.470470
128618968.386023	-71.167890
128702163.061564	-68.706920
128785357.737105	-69.600570
128868552.412646	-70.580410
128951747.088186	-73.229370
129034941.763727	-68.027460
129118136.439268	-70.294290
129201331.114809	-72.707240
129284525.790349	-72.539950
129367720.465890	-69.743500
129450915.141431	-70.827800
129534109.816972	-71.477300
129617304.492512	-75.933850
129700499.168053	-69.686630
129783693.843594	-74.445910
129866888.519135	-71.489330
129950083.194676	-69.923140
130033277.870216	-70.760530
130116472.545757	-70.736570
130199667.221298	-72.210190
130282861.896839	-73.724590
130366056.572379	-73.125340
130449251.247920	-71.081420
130532445.923461	-68.787190
130615640.599002	-70.283750
130698835.274542	-72.009410
130782029.950083	-71.837880
130865224.625624	-73.627050
130948419.301165	-72.697730
131031613.976705	-71.950710
131114808.652246	-67.762280
131198003.327787	-71.304320
131281198.003328	-71.783700
131364392.678869	-71.320300
131447587.354409	-71.438530
131530782.029950	-71.402920
131613976.705491	-68.872690
131697171.381032	-70.894600
131780366.056572	-71.618850
131863560.732113	-73.944880
131946755.407654	-68.492370
132029950.083195	-73.162810
132113144.758735	-70.719620
132196339.434276	-73.415750
132279534.109817	-69.124050
132362728.785358	-73.789380
132445923.460899	-70.626510
132529118.136439	-73.169730
132612312.811980	-74.087960
132695507.487521	-72.175340
132778702.163062	-70.143680
132861896.838602	-71.890410
132945091.514143	-71.093990
133028286.189684	-69.636040
133111480.865225	-69.958360
133194675.540765	-70.056430
133277870.216306	-70.762540
133361064.891847	-71.590390
133444259.567388	-68.448860
133527454.242928	-70.392230
133610648.918469	-71.420330
133693843.594010	-71.099240
133777038.269551	-72.672260
133860232.945092	-69.595570
133943427.620632	-71.206020
134026622.296173	-73.998340
134109816.971714	-70.885510
134193011.647255	-71.023660
134276206.322795	-70.864220
134359400.998336	-69.605070
134442595.673877	-71.649040
134525790.349418	-68.991280
134608985.024958	-74.787070
134692179.700499	-72.198100
134775374.376040	-71.198690
134858569.051581	-74.570270
134941763.727121	-68.753550
135024958.402662	-72.959310
135108153.078203	-71.072300
135191347.753744	-73.701730
135274542.429285	-73.354900
135357737.104825	-75.231610
135440931.780366	-70.763530
135524126.455907	-72.978670
135607321.131448	-71.022660
135690515.806988	-69.614590
135773710.482529	-72.684230
135856905.158070	-72.966050
135940099.833611	-71.989570
136023294.509151	-69.333960
136106489.184692	-70.969220
136189683.860233	-69.869940
136272878.535774	-67.951830
136356073.211314	-70.111760
136439267.886855	-70.089500
136522462.562396	-69.311070
136605657.237937	-69.374820
136688851.913478	-71.236840
136772046.589018	-70.782590
136855241.264559	-67.935620
136938435.940100	-71.067200
137021630.615641	-71.057870
137104825.291181	-70.952840
137188019.966722	-74.171460
137271214.642263	-71.095240
137354409.317804	-68.878780
137437603.993344	-70.463370
137520798.668885	-69.935960
137603993.344426	-68.860870
137687188.019967	-70.736550
137770382.695507	-70.778580
137853577.371048	-71.496670
137936772.046589	-71.655020
138019966.722130	-71.688390
138103161.397671	-71.028950
138186356.073211	-69.321780
138269550.748752	-71.254890
138352745.424293	-71.691720
138435940.099834	-69.500780
138519134.775374	-69.252340
138602329.450915	-75.053530
138685524.126456	-70.816800
138768718.801997	-69.658090
138851913.477537	-68.596030
138935108.153078	-69.436070
139018302.828619	-73.314560
139101497.504160	-72.905180
139184692.179700	-71.152750
139267886.855241	-71.076650
139351081.530782	-72.676500
139434276.206323	-70.934520
139517470.881864	-70.794650
139600665.557404	-70.794650
139683860.232945	-69.649150
139767054.908486	-69.942160
139850249.584027	-71.393920
139933444.259567	-71.136050
140016638.935108	-71.310310
140099833.610649	-68.675000
140183028.286190	-72.515910
140266222.961730	-69.924770
140349417.637271	-72.095980
140432612.312812	-70.523460
140515806.988353	-74.789630
140599001.663894	-74.939020
140682196.339434	-70.084500
140765391.014975	-75.105870
140848585.690516	-71.056980
140931780.366057	-72.864810
141014975.041597	-70.139280
141098169.717138	-69.307600
141181364.392679	-72.232710
141264559.068220	-67.396390
141347753.743760	-71.247720
141430948.419301	-73.096590
141514143.094842	-71.966300
141597337.770383	-73.006630
141680532.445923	-70.203860
141763727.121464	-72.776220
141846921.797005	-70.142070
141930116.472546	-70.362120
142013311.148087	-71.061200
142096505.823627	-75.133640
142179700.499168	-68.169360
142262895.174709	-69.276150
142346089.850250	-72.647310
142429284.525790	-70.952990
142512479.201331	-71.017750
142595673.876872	-68.783770
142678868.552413	-67.927440
142762063.227953	-68.678080
142845257.903494	-66.581020
142928452.579035	-69.610860
143011647.254576	-70.549730
143094841.930116	-70.906020
143178036.605657	-71.615790
143261231.281198	-71.813700
143344425.956739	-71.878410
143427620.632280	-68.525720
143510815.307820	-69.229680
143594009.983361	-69.369380
143677204.658902	-70.813810
143760399.334443	-71.156170
143843594.009983	-74.462070
143926788.685524	-68.705510
144009983.361065	-68.868350
144093178.036606	-69.833890
144176372.712146	-69.753210
144259567.387687	-73.742420
144342762.063228	-71.512590
144425956.738769	-71.228840
144509151.414310	-69.187450
144592346.089850	-73.673900
144675540.765391	-69.184950
144758735.440932	-69.362270
144841930.116473	-70.815830
144925124.792013	-72.372270
145008319.467554	-69.159900
145091514.143095	-70.230910
145174708.818636	-70.803740
145257903.494176	-75.802310
145341098.169717	-69.301070
145424292.845258	-73.306560
145507487.520799	-71.169920
145590682.196339	-69.094140
145673876.871880	-69.513590
145757071.547421	-68.350170
145840266.222962	-68.566980
145923460.898502	-70.848190
146006655.574043	-72.027130
146089850.249584	-72.163860
146173044.925125	-72.389390
146256239.600666	-70.288510
146339434.276206	-70.406060
146422628.951747	-70.391640
146505823.627288	-68.728650
146589018.302829	-71.283120
146672212.978369	-71.369780
146755407.653910	-69.651740
146838602.329451	-72.985070
146921797.004992	-71.905240
147004991.680532	-68.173280
147088186.356073	-71.447530
147171381.031614	-68.421380
147254575.707155	-69.194490
147337770.382695	-70.253400
147420965.058236	-69.897690
147504159.733777	-68.917710
147587354.409318	-69.336270
147670549.084859	-70.934710
147753743.760399	-69.451890
147836938.435940	-69.985260
147920133.111481	-71.482410
148003327.787022	-72.160870
148086522.462562	-72.952050
148169717.138103	-69.528840
148252911.813644	-72.249660
148336106.489185	-70.263760
148419301.164725	-71.699810
148502495.840266	-69.948590
148585690.515807	-70.796730
148668885.191348	-70.482350
148752079.866889	-69.777710
148835274.542429	-68.636690
148918469.217970	-69.846820
149001663.893511	-71.053200
149084858.569052	-70.102350
149168053.244592	-71.755960
149251247.920133	-70.225910
149334442.595674	-71.762700
149417637.271215	-71.642020
149500831.946755	-69.601230
149584026.622296	-71.662030
149667221.297837	-71.933160
149750415.973378	-71.578990
149833610.648918	-72.413460
149916805.324459	-73.374410
